1 297.004912252 275.516172574 21.4887396773 297.004912252
2 275.320700034 231.876694514 43.4440055193 275.320700034
3 266.872120727 205.488621674 61.3834990539 266.872120727
4 263.250468943 187.062472693 76.1879962505 263.250468943
5 261.760211899 173.119378325 88.6408335742 261.760211899
6 261.325291964 162.025093605 99.3001983586 261.325291964
7 261.453317848 152.891671101 108.561646747 261.453317848
8 261.896482929 145.185942636 116.710540293 261.896482929
9 262.520760575 138.56352214 123.957238435 262.520760575
10 263.249428956 132.789263169 130.460165788 263.249428956
11 264.036543714 127.69549484 136.341048873 264.036543714
12 264.853600969 123.158459127 141.695141842 264.853600969
13 265.682435604 119.084217896 146.598217708 265.682435604
14 266.511247956 115.399806596 151.111441359 266.511247956
15 267.33228373 112.047451851 155.284831879 267.33228373
16 268.140428485 108.980659963 159.159768522 268.140428485
17 268.932328855 106.161492299 162.770836556 268.932328855
18 269.705828063 103.558618808 166.147209255 269.705828063
19 270.459594784 101.145896476 169.313698308 270.459594784
20 271.192874168 98.9013108693 172.291563299 271.192874168
30 277.416599892 82.6294907939 194.787109098 277.416599892
40 281.964163847 72.5104111118 209.453752736 281.964163847
50 285.347687073 65.3336867172 220.014000356 285.347687073
60 287.939019403 59.8449349122 228.094084491 287.939019403
70 289.980674849 55.444802639 234.53587221 289.980674849
80 291.629570677 51.803313072 239.826257605 291.629570677
90 292.989428761 48.7195814541 244.269847307 292.989428761
100 294.130914829 46.0621888424 248.068725986 294.130914829
