1 0.276055255597 0.264604924382 0.0114503312154 0.276055255597
2 0.25562329594 0.230439090624 0.0251842053163 0.25562329594
3 0.245260615176 0.208015658251 0.0372449569257 0.245260615176
4 0.239236797568 0.191589056722 0.0476477408458 0.239236797568
5 0.235490836169 0.178806286266 0.0566845499033 0.235490836169
6 0.234054038468 0.169413868582 0.0646401698866 0.234054038468
7 0.232430427046 0.16074591486 0.0716845121862 0.232430427046
8 0.231421065518 0.153393471345 0.0780275941732 0.231421065518
9 0.230766029685 0.147037195092 0.083728834593 0.230766029685
10 0.23039872081 0.141477084353 0.0889216364574 0.23039872081
11 0.23052131942 0.136818068626 0.0937032507931 0.23052131942
12 0.230485938879 0.132411816657 0.0980741222228 0.230485938879
13 0.230561135479 0.128444975743 0.102116159736 0.230561135479
14 0.230718624097 0.124848329148 0.10587029495 0.230718624097
15 0.230937501967 0.121566941317 0.10937056065 0.230937501967
16 0.231202113311 0.118556587801 0.112645525511 0.231202113311
17 0.231500599435 0.1157812194 0.115719380034 0.231500599435
18 0.231823892738 0.113211123493 0.118612769246 0.231823892738
19 0.232165005571 0.110821566544 0.121343439027 0.232165005571
20 0.23251851917 0.108591775677 0.123926743493 0.23251851917
30 0.236247851427 0.0922427543121 0.144005097115 0.236247851427
40 0.239303433578 0.0817718080006 0.157531625578 0.239303433578
50 0.242240417707 0.0744132701085 0.167827147599 0.242240417707
60 0.244397447958 0.0687081730357 0.175689274923 0.244397447958
70 0.24623296598 0.0641549486728 0.182078017307 0.24623296598
80 0.247823707961 0.0604095286492 0.187414179312 0.247823707961
90 0.249422576802 0.0573226164622 0.19209996034 0.249422576802
100 0.250934404696 0.0546846459165 0.196249758779 0.250934404696
