1 0.924648739816 0.908300079155 0.0163486606605 0.924648739816
2 0.869432812517 0.831174500969 0.0382583115486 0.869432812517
3 0.834139407071 0.775510814072 0.0586285929995 0.834139407071
4 0.808714582907 0.731779084736 0.0769354981718 0.808714582907
5 0.789251212032 0.695838707061 0.0934125049707 0.789251212032
6 0.773794116497 0.665456678665 0.108337437831 0.773794116497
7 0.761203823512 0.639263596366 0.121940227146 0.761203823512
8 0.750750674004 0.616345983315 0.134404690689 0.750750674004
9 0.741937341372 0.596057625086 0.145879716287 0.741937341372
10 0.73441062918 0.577921729157 0.156488900024 0.73441062918
11 0.727912383734 0.561575718895 0.166336664839 0.727912383734
12 0.722249512203 0.54673761568 0.175511896523 0.722249512203
13 0.717274652328 0.533184201331 0.184090450997 0.717274652328
14 0.712873317467 0.520736136232 0.192137181235 0.712873317467
15 0.708955144201 0.509247468612 0.19970767559 0.708955144201
16 0.705447805622 0.498598054827 0.206849750795 0.705447805622
17 0.702292692847 0.488687976512 0.213604716335 0.702292692847
18 0.699441791897 0.479433361705 0.220008430192 0.699441791897
19 0.69685538397 0.470763212208 0.226092171762 0.69685538397
20 0.694500323806 0.462616963814 0.231883359992 0.694500323806
30 0.679154787713 0.401250923647 0.277903864066 0.679154787713
40 0.671508866835 0.361332930436 0.310175936399 0.671508866835
50 0.667166261652 0.332590901727 0.334575359925 0.667166261652
60 0.664498848095 0.310572110094 0.353926738001 0.664498848095
70 0.662777634371 0.292980249237 0.369797385133 0.662777634371
80 0.661632120527 0.278491112497 0.38314100803 0.661632120527
90 0.660856037405 0.266278782575 0.39457725483 0.660856037405
100 0.660326734729 0.255797277529 0.4045294572 0.660326734729
